/*--------------------------------*- C++ -*----------------------------------*\
| =========                 |                                                 |
| \\      /  F ield         | OpenFOAM: The Open Source CFD Toolbox           |
|  \\    /   O peration     | Version:  v2012                                 |
|   \\  /    A nd           | Website:  www.openfoam.com                      |
|    \\/     M anipulation  |                                                 |
\*---------------------------------------------------------------------------*/
FoamFile
{
    version     2.0;
    format      ascii;
    class       faceSet;
    location    "constant/polyMesh/sets";
    object      AMI1;
}
// * * * * * * * * * * * * * * * * * * * * * * * * * * * * * * * * * * * * * //


2908
(
790528
790529
790530
790531
790532
790533
790534
790535
790536
790537
790538
790539
790540
790541
790542
790543
790544
790545
790546
790547
790548
790549
790550
790551
790552
790553
790554
790555
790556
790557
790558
790559
790560
790561
790562
790563
790564
790565
790566
790567
790568
790569
790570
790571
790572
790573
790574
790575
790576
790577
790578
790579
790580
790581
790582
790583
790584
790585
790586
790587
790588
790589
790590
790591
790592
790593
790594
790595
790596
790597
790598
790599
790600
790601
790602
790603
790604
790605
790606
790607
790608
790609
790610
790611
790612
790613
790614
790615
790616
790617
790618
790619
790620
790621
790622
790623
790624
790625
790626
790627
790628
790629
790630
790631
790632
790633
790634
790635
790636
790637
790638
790639
790640
790641
790642
790643
790644
790645
790646
790647
790648
790649
790650
790651
790652
790653
790654
790655
790656
790657
790658
790659
790660
790661
790662
790663
790664
790665
790666
790667
790668
790669
790670
790671
790672
790673
790674
790675
790676
790677
790678
790679
790680
790681
790682
790683
790684
790685
790686
790687
790688
790689
790690
790691
790692
790693
790694
790695
790696
790697
790698
790699
790700
790701
790702
790703
790704
790705
790706
790707
790708
790709
790710
790711
790712
790713
790714
790715
790716
790717
790718
790719
790720
790721
790722
790723
790724
787817
787818
787819
787820
787821
787822
787823
787824
787825
787826
787827
787828
787829
787830
787831
787832
787833
787834
787835
787836
787837
787838
787839
787840
787841
787842
787843
787844
787845
787846
787847
787848
787849
787850
787851
787852
787853
787854
787855
787856
787857
787858
787859
787860
787861
787862
787863
787864
787865
787866
787867
787868
787869
787870
787871
787872
787873
787874
787875
787876
787877
787878
787879
787880
787881
787882
787883
787884
787885
787886
787887
787888
787889
787890
787891
787892
787893
787894
787895
787896
787897
787898
787899
787900
787901
787902
787903
787904
787905
787906
787907
787908
787909
787910
787911
787912
787913
787914
787915
787916
787917
787918
787919
787920
787921
787922
787923
787924
787925
787926
787927
787928
787929
787930
787931
787932
787933
787934
787935
787936
787937
787938
787939
787940
787941
787942
787943
787944
787945
787946
787947
787948
787949
787950
787951
787952
787953
787954
787955
787956
787957
787958
787959
787960
787961
787962
787963
787964
787965
787966
787967
787968
787969
787970
787971
787972
787973
787974
787975
787976
787977
787978
787979
787980
787981
787982
787983
787984
787985
787986
787987
787988
787989
787990
787991
787992
787993
787994
787995
787996
787997
787998
787999
788000
788001
788002
788003
788004
788005
788006
788007
788008
788009
788010
788011
788012
788013
788014
788015
788016
788017
788018
788019
788020
788021
788022
788023
788024
788025
788026
788027
788028
788029
788030
788031
788032
788033
788034
788035
788036
788037
788038
788039
788040
788041
788042
788043
788044
788045
788046
788047
788048
788049
788050
788051
788052
788053
788054
788055
788056
788057
788058
788059
788060
788061
788062
788063
788064
788065
788066
788067
788068
788069
788070
788071
788072
788073
788074
788075
788076
788077
788078
788079
788080
788081
788082
788083
788084
788085
788086
788087
788088
788089
788090
788091
788092
788093
788094
788095
788096
788097
788098
788099
788100
788101
788102
788103
788104
788105
788106
788107
788108
788109
788110
788111
788112
788113
788114
788115
788116
788117
788118
788119
788120
788121
788122
788123
788124
788125
788126
788127
788128
788129
788130
788131
788132
788133
788134
788135
788136
788137
788138
788139
788140
788141
788142
788143
788144
788145
788146
788147
788148
788149
788150
788151
788152
788153
788154
788155
788156
788157
788158
788159
788160
788161
788162
788163
788164
788165
788166
788167
788168
788169
788170
788171
788172
788173
788174
788175
788176
788177
788178
788179
788180
788181
788182
788183
788184
788185
788186
788187
788188
788189
788190
788191
788192
788193
788194
788195
788196
788197
788198
788199
788200
788201
788202
788203
788204
788205
788206
788207
788208
788209
788210
788211
788212
788213
788214
788215
788216
788217
788218
788219
788220
788221
788222
788223
788224
788225
788226
788227
788228
788229
788230
788231
788232
788233
788234
788235
788236
788237
788238
788239
788240
788241
788242
788243
788244
788245
788246
788247
788248
788249
788250
788251
788252
788253
788254
788255
788256
788257
788258
788259
788260
788261
788262
788263
788264
788265
788266
788267
788268
788269
788270
788271
788272
788273
788274
788275
788276
788277
788278
788279
788280
788281
788282
788283
788284
788285
788286
788287
788288
788289
788290
788291
788292
788293
788294
788295
788296
788297
788298
788299
788300
788301
788302
788303
788304
788305
788306
788307
788308
788309
788310
788311
788312
788313
788314
788315
788316
788317
788318
788319
788320
788321
788322
788323
788324
788325
788326
788327
788328
788329
788330
788331
788332
788333
788334
788335
788336
788337
788338
788339
788340
788341
788342
788343
788344
788345
788346
788347
788348
788349
788350
788351
788352
788353
788354
788355
788356
788357
788358
788359
788360
788361
788362
788363
788364
788365
788366
788367
788368
788369
788370
788371
788372
788373
788374
788375
788376
788377
788378
788379
788380
788381
788382
788383
788384
788385
788386
788387
788388
788389
788390
788391
788392
788393
788394
788395
788396
788397
788398
788399
788400
788401
788402
788403
788404
788405
788406
788407
788408
788409
788410
788411
788412
788413
788414
788415
788416
788417
788418
788419
788420
788421
788422
788423
788424
788425
788426
788427
788428
788429
788430
788431
788432
788433
788434
788435
788436
788437
788438
788439
788440
788441
788442
788443
788444
788445
788446
788447
788448
788449
788450
788451
788452
788453
788454
788455
788456
788457
788458
788459
788460
788461
788462
788463
788464
788465
788466
788467
788468
788469
788470
788471
788472
788473
788474
788475
788476
788477
788478
788479
788480
788481
788482
788483
788484
788485
788486
788487
788488
788489
788490
788491
788492
788493
788494
788495
788496
788497
788498
788499
788500
788501
788502
788503
788504
788505
788506
788507
788508
788509
788510
788511
788512
788513
788514
788515
788516
788517
788518
788519
788520
788521
788522
788523
788524
788525
788526
788527
788528
788529
788530
788531
788532
788533
788534
788535
788536
788537
788538
788539
788540
788541
788542
788543
788544
788545
788546
788547
788548
788549
788550
788551
788552
788553
788554
788555
788556
788557
788558
788559
788560
788561
788562
788563
788564
788565
788566
788567
788568
788569
788570
788571
788572
788573
788574
788575
788576
788577
788578
788579
788580
788581
788582
788583
788584
788585
788586
788587
788588
788589
788590
788591
788592
788593
788594
788595
788596
788597
788598
788599
788600
788601
788602
788603
788604
788605
788606
788607
788608
788609
788610
788611
788612
788613
788614
788615
788616
788617
788618
788619
788620
788621
788622
788623
788624
788625
788626
788627
788628
788629
788630
788631
788632
788633
788634
788635
788636
788637
788638
788639
788640
788641
788642
788643
788644
788645
788646
788647
788648
788649
788650
788651
788652
788653
788654
788655
788656
788657
788658
788659
788660
788661
788662
788663
788664
788665
788666
788667
788668
788669
788670
788671
788672
788673
788674
788675
788676
788677
788678
788679
788680
788681
788682
788683
788684
788685
788686
788687
788688
788689
788690
788691
788692
788693
788694
788695
788696
788697
788698
788699
788700
788701
788702
788703
788704
788705
788706
788707
788708
788709
788710
788711
788712
788713
788714
788715
788716
788717
788718
788719
788720
788721
788722
788723
788724
788725
788726
788727
788728
788729
788730
788731
788732
788733
788734
788735
788736
788737
788738
788739
788740
788741
788742
788743
788744
788745
788746
788747
788748
788749
788750
788751
788752
788753
788754
788755
788756
788757
788758
788759
788760
788761
788762
788763
788764
788765
788766
788767
788768
788769
788770
788771
788772
788773
788774
788775
788776
788777
788778
788779
788780
788781
788782
788783
788784
788785
788786
788787
788788
788789
788790
788791
788792
788793
788794
788795
788796
788797
788798
788799
788800
788801
788802
788803
788804
788805
788806
788807
788808
788809
788810
788811
788812
788813
788814
788815
788816
788817
788818
788819
788820
788821
788822
788823
788824
788825
788826
788827
788828
788829
788830
788831
788832
788833
788834
788835
788836
788837
788838
788839
788840
788841
788842
788843
788844
788845
788846
788847
788848
788849
788850
788851
788852
788853
788854
788855
788856
788857
788858
788859
788860
788861
788862
788863
788864
788865
788866
788867
788868
788869
788870
788871
788872
788873
788874
788875
788876
788877
788878
788879
788880
788881
788882
788883
788884
788885
788886
788887
788888
788889
788890
788891
788892
788893
788894
788895
788896
788897
788898
788899
788900
788901
788902
788903
788904
788905
788906
788907
788908
788909
788910
788911
788912
788913
788914
788915
788916
788917
788918
788919
788920
788921
788922
788923
788924
788925
788926
788927
788928
788929
788930
788931
788932
788933
788934
788935
788936
788937
788938
788939
788940
788941
788942
788943
788944
788945
788946
788947
788948
788949
788950
788951
788952
788953
788954
788955
788956
788957
788958
788959
788960
788961
788962
788963
788964
788965
788966
788967
788968
788969
788970
788971
788972
788973
788974
788975
788976
788977
788978
788979
788980
788981
788982
788983
788984
788985
788986
788987
788988
788989
788990
788991
788992
788993
788994
788995
788996
788997
788998
788999
789000
789001
789002
789003
789004
789005
789006
789007
789008
789009
789010
789011
789012
789013
789014
789015
789016
789017
789018
789019
789020
789021
789022
789023
789024
789025
789026
789027
789028
789029
789030
789031
789032
789033
789034
789035
789036
789037
789038
789039
789040
789041
789042
789043
789044
789045
789046
789047
789048
789049
789050
789051
789052
789053
789054
789055
789056
789057
789058
789059
789060
789061
789062
789063
789064
789065
789066
789067
789068
789069
789070
789071
789072
789073
789074
789075
789076
789077
789078
789079
789080
789081
789082
789083
789084
789085
789086
789087
789088
789089
789090
789091
789092
789093
789094
789095
789096
789097
789098
789099
789100
789101
789102
789103
789104
789105
789106
789107
789108
789109
789110
789111
789112
789113
789114
789115
789116
789117
789118
789119
789120
789121
789122
789123
789124
789125
789126
789127
789128
789129
789130
789131
789132
789133
789134
789135
789136
789137
789138
789139
789140
789141
789142
789143
789144
789145
789146
789147
789148
789149
789150
789151
789152
789153
789154
789155
789156
789157
789158
789159
789160
789161
789162
789163
789164
789165
789166
789167
789168
789169
789170
789171
789172
789173
789174
789175
789176
789177
789178
789179
789180
789181
789182
789183
789184
789185
789186
789187
789188
789189
789190
789191
789192
789193
789194
789195
789196
789197
789198
789199
789200
789201
789202
789203
789204
789205
789206
789207
789208
789209
789210
789211
789212
789213
789214
789215
789216
789217
789218
789219
789220
789221
789222
789223
789224
789225
789226
789227
789228
789229
789230
789231
789232
789233
789234
789235
789236
789237
789238
789239
789240
789241
789242
789243
789244
789245
789246
789247
789248
789249
789250
789251
789252
789253
789254
789255
789256
789257
789258
789259
789260
789261
789262
789263
789264
789265
789266
789267
789268
789269
789270
789271
789272
789273
789274
789275
789276
789277
789278
789279
789280
789281
789282
789283
789284
789285
789286
789287
789288
789289
789290
789291
789292
789293
789294
789295
789296
789297
789298
789299
789300
789301
789302
789303
789304
789305
789306
789307
789308
789309
789310
789311
789312
789313
789314
789315
789316
789317
789318
789319
789320
789321
789322
789323
789324
789325
789326
789327
789328
789329
789330
789331
789332
789333
789334
789335
789336
789337
789338
789339
789340
789341
789342
789343
789344
789345
789346
789347
789348
789349
789350
789351
789352
789353
789354
789355
789356
789357
789358
789359
789360
789361
789362
789363
789364
789365
789366
789367
789368
789369
789370
789371
789372
789373
789374
789375
789376
789377
789378
789379
789380
789381
789382
789383
789384
789385
789386
789387
789388
789389
789390
789391
789392
789393
789394
789395
789396
789397
789398
789399
789400
789401
789402
789403
789404
789405
789406
789407
789408
789409
789410
789411
789412
789413
789414
789415
789416
789417
789418
789419
789420
789421
789422
789423
789424
789425
789426
789427
789428
789429
789430
789431
789432
789433
789434
789435
789436
789437
789438
789439
789440
789441
789442
789443
789444
789445
789446
789447
789448
789449
789450
789451
789452
789453
789454
789455
789456
789457
789458
789459
789460
789461
789462
789463
789464
789465
789466
789467
789468
789469
789470
789471
789472
789473
789474
789475
789476
789477
789478
789479
789480
789481
789482
789483
789484
789485
789486
789487
789488
789489
789490
789491
789492
789493
789494
789495
789496
789497
789498
789499
789500
789501
789502
789503
789504
789505
789506
789507
789508
789509
789510
789511
789512
789513
789514
789515
789516
789517
789518
789519
789520
789521
789522
789523
789524
789525
789526
789527
789528
789529
789530
789531
789532
789533
789534
789535
789536
789537
789538
789539
789540
789541
789542
789543
789544
789545
789546
789547
789548
789549
789550
789551
789552
789553
789554
789555
789556
789557
789558
789559
789560
789561
789562
789563
789564
789565
789566
789567
789568
789569
789570
789571
789572
789573
789574
789575
789576
789577
789578
789579
789580
789581
789582
789583
789584
789585
789586
789587
789588
789589
789590
789591
789592
789593
789594
789595
789596
789597
789598
789599
789600
789601
789602
789603
789604
789605
789606
789607
789608
789609
789610
789611
789612
789613
789614
789615
789616
789617
789618
789619
789620
789621
789622
789623
789624
789625
789626
789627
789628
789629
789630
789631
789632
789633
789634
789635
789636
789637
789638
789639
789640
789641
789642
789643
789644
789645
789646
789647
789648
789649
789650
789651
789652
789653
789654
789655
789656
789657
789658
789659
789660
789661
789662
789663
789664
789665
789666
789667
789668
789669
789670
789671
789672
789673
789674
789675
789676
789677
789678
789679
789680
789681
789682
789683
789684
789685
789686
789687
789688
789689
789690
789691
789692
789693
789694
789695
789696
789697
789698
789699
789700
789701
789702
789703
789704
789705
789706
789707
789708
789709
789710
789711
789712
789713
789714
789715
789716
789717
789718
789719
789720
789721
789722
789723
789724
789725
789726
789727
789728
789729
789730
789731
789732
789733
789734
789735
789736
789737
789738
789739
789740
789741
789742
789743
789744
789745
789746
789747
789748
789749
789750
789751
789752
789753
789754
789755
789756
789757
789758
789759
789760
789761
789762
789763
789764
789765
789766
789767
789768
789769
789770
789771
789772
789773
789774
789775
789776
789777
789778
789779
789780
789781
789782
789783
789784
789785
789786
789787
789788
789789
789790
789791
789792
789793
789794
789795
789796
789797
789798
789799
789800
789801
789802
789803
789804
789805
789806
789807
789808
789809
789810
789811
789812
789813
789814
789815
789816
789817
789818
789819
789820
789821
789822
789823
789824
789825
789826
789827
789828
789829
789830
789831
789832
789833
789834
789835
789836
789837
789838
789839
789840
789841
789842
789843
789844
789845
789846
789847
789848
789849
789850
789851
789852
789853
789854
789855
789856
789857
789858
789859
789860
789861
789862
789863
789864
789865
789866
789867
789868
789869
789870
789871
789872
789873
789874
789875
789876
789877
789878
789879
789880
789881
789882
789883
789884
789885
789886
789887
789888
789889
789890
789891
789892
789893
789894
789895
789896
789897
789898
789899
789900
789901
789902
789903
789904
789905
789906
789907
789908
789909
789910
789911
789912
789913
789914
789915
789916
789917
789918
789919
789920
789921
789922
789923
789924
789925
789926
789927
789928
789929
789930
789931
789932
789933
789934
789935
789936
789937
789938
789939
789940
789941
789942
789943
789944
789945
789946
789947
789948
789949
789950
789951
789952
789953
789954
789955
789956
789957
789958
789959
789960
789961
789962
789963
789964
789965
789966
789967
789968
789969
789970
789971
789972
789973
789974
789975
789976
789977
789978
789979
789980
789981
789982
789983
789984
789985
789986
789987
789988
789989
789990
789991
789992
789993
789994
789995
789996
789997
789998
789999
790000
790001
790002
790003
790004
790005
790006
790007
790008
790009
790010
790011
790012
790013
790014
790015
790016
790017
790018
790019
790020
790021
790022
790023
790024
790025
790026
790027
790028
790029
790030
790031
790032
790033
790034
790035
790036
790037
790038
790039
790040
790041
790042
790043
790044
790045
790046
790047
790048
790049
790050
790051
790052
790053
790054
790055
790056
790057
790058
790059
790060
790061
790062
790063
790064
790065
790066
790067
790068
790069
790070
790071
790072
790073
790074
790075
790076
790077
790078
790079
790080
790081
790082
790083
790084
790085
790086
790087
790088
790089
790090
790091
790092
790093
790094
790095
790096
790097
790098
790099
790100
790101
790102
790103
790104
790105
790106
790107
790108
790109
790110
790111
790112
790113
790114
790115
790116
790117
790118
790119
790120
790121
790122
790123
790124
790125
790126
790127
790128
790129
790130
790131
790132
790133
790134
790135
790136
790137
790138
790139
790140
790141
790142
790143
790144
790145
790146
790147
790148
790149
790150
790151
790152
790153
790154
790155
790156
790157
790158
790159
790160
790161
790162
790163
790164
790165
790166
790167
790168
790169
790170
790171
790172
790173
790174
790175
790176
790177
790178
790179
790180
790181
790182
790183
790184
790185
790186
790187
790188
790189
790190
790191
790192
790193
790194
790195
790196
790197
790198
790199
790200
790201
790202
790203
790204
790205
790206
790207
790208
790209
790210
790211
790212
790213
790214
790215
790216
790217
790218
790219
790220
790221
790222
790223
790224
790225
790226
790227
790228
790229
790230
790231
790232
790233
790234
790235
790236
790237
790238
790239
790240
790241
790242
790243
790244
790245
790246
790247
790248
790249
790250
790251
790252
790253
790254
790255
790256
790257
790258
790259
790260
790261
790262
790263
790264
790265
790266
790267
790268
790269
790270
790271
790272
790273
790274
790275
790276
790277
790278
790279
790280
790281
790282
790283
790284
790285
790286
790287
790288
790289
790290
790291
790292
790293
790294
790295
790296
790297
790298
790299
790300
790301
790302
790303
790304
790305
790306
790307
790308
790309
790310
790311
790312
790313
790314
790315
790316
790317
790318
790319
790320
790321
790322
790323
790324
790325
790326
790327
790328
790329
790330
790331
790332
790333
790334
790335
790336
790337
790338
790339
790340
790341
790342
790343
790344
790345
790346
790347
790348
790349
790350
790351
790352
790353
790354
790355
790356
790357
790358
790359
790360
790361
790362
790363
790364
790365
790366
790367
790368
790369
790370
790371
790372
790373
790374
790375
790376
790377
790378
790379
790380
790381
790382
790383
790384
790385
790386
790387
790388
790389
790390
790391
790392
790393
790394
790395
790396
790397
790398
790399
790400
790401
790402
790403
790404
790405
790406
790407
790408
790409
790410
790411
790412
790413
790414
790415
790416
790417
790418
790419
790420
790421
790422
790423
790424
790425
790426
790427
790428
790429
790430
790431
790432
790433
790434
790435
790436
790437
790438
790439
790440
790441
790442
790443
790444
790445
790446
790447
790448
790449
790450
790451
790452
790453
790454
790455
790456
790457
790458
790459
790460
790461
790462
790463
790464
790465
790466
790467
790468
790469
790470
790471
790472
790473
790474
790475
790476
790477
790478
790479
790480
790481
790482
790483
790484
790485
790486
790487
790488
790489
790490
790491
790492
790493
790494
790495
790496
790497
790498
790499
790500
790501
790502
790503
790504
790505
790506
790507
790508
790509
790510
790511
790512
790513
790514
790515
790516
790517
790518
790519
790520
790521
790522
790523
790524
790525
790526
790527
)


// ************************************************************************* //
